1 1 1 0.5 0.5 0.5 0 0 0
2 1 1 1.5 1.5 1.5 0 0 0
3 1 1 2.5 2.5 2.5 0 0 0
4 1 1 3.5 3.5 3.5 0 0 0
5 1 1 4.5 4.5 4.5 0 0 0
6 1 1 5.5 5.5 5.5 0 0 0
7 1 1 6.5 6.5 6.5 0 0 0
8 1 1 7.5 7.5 7.5 0 0 0
9 1 1 8.5 8.5 8.5 0 0 0
10 1 1 9.5 9.5 9.5 0 0 0
11 1 1 10.5 10.5 10.5 0 0 0
12 1 1 11.5 11.5 11.5 0 0 0
13 1 1 12.5 12.5 12.5 0 0 0
14 1 1 13.5 13.5 13.5 0 0 0
15 1 1 14.5 14.5 14.5 0 0 0
16 1 1 15.5 15.5 15.5 0 0 0
17 1 1 16.5 16.5 16.5 0 0 0
18 1 1 17.5 17.5 17.5 0 0 0
19 1 1 18.5 18.5 18.5 0 0 0
20 1 1 19.5 19.5 19.5 0 0 0
